emmentaler-20 0 52 535 0 704
emmentaler-20 1 -12 503 -204 204
emmentaler-20 2 -12 503 0 203
emmentaler-20 3 -212 903 -192 256
emmentaler-20 4 -212 903 -4 221
emmentaler-20 5 -12 599 -321 644
emmentaler-20 6 -12 215 -321 644
emmentaler-20 7 -12 215 0 323
emmentaler-20 8 -172 535 -4 324
emmentaler-20 9 -41 363 -415 920
emmentaler-20 10 -14 349 -339 599
emmentaler-20 11 -16 347 -339 599
emmentaler-20 12 -45 440 -659 919
emmentaler-20 13 -82 509 -659 1239
emmentaler-20 14 -98 557 -979 1559
emmentaler-20 15 -89 580 -979 1879
emmentaler-20 16 -12 375 -481 964
emmentaler-20 17 -12 434 -481 1325
emmentaler-20 18 -71 434 -839 1322
emmentaler-20 19 -71 493 -839 1683
emmentaler-20 20 -12 247 -427 856
emmentaler-20 21 -12 375 -481 964
emmentaler-20 22 -12 328 -427 856
emmentaler-20 23 -12 535 -511 1021
emmentaler-20 24 -25 369 -192 384
emmentaler-20 25 -22 256 -483 981
emmentaler-20 26 -153 387 -483 1333
emmentaler-20 27 -22 388 -834 1332
emmentaler-20 28 -153 519 -834 1684
emmentaler-20 29 -47 314 -208 808
emmentaler-20 30 -177 444 -208 1053
emmentaler-20 31 -164 431 -676 1276
emmentaler-20 32 -177 444 -676 1521
emmentaler-20 33 -164 431 -208 808
emmentaler-20 34 -164 431 -208 808
emmentaler-20 35 -12 535 -208 808
emmentaler-20 36 -50 313 -208 808
emmentaler-20 37 -140 431 -208 808
emmentaler-20 38 -47 521 -208 808
emmentaler-20 39 -199 673 -208 808
emmentaler-20 40 35 168 -337 677
emmentaler-20 41 -204 168 -337 677
emmentaler-20 42 -332 369 -135 324
emmentaler-20 43 -38 369 -135 324
emmentaler-20 44 -172 343 -320 349
emmentaler-20 45 -172 343 -30 350
emmentaler-20 46 -332 356 -148 324
emmentaler-20 47 -25 356 -148 324
emmentaler-20 48 -172 343 -320 336
emmentaler-20 49 -172 343 -17 337
emmentaler-20 50 -12 166 -64 146
emmentaler-20 51 -437 873 -48 500
emmentaler-20 52 -437 873 -453 500
emmentaler-20 53 -332 663 0 707
emmentaler-20 54 -332 663 -708 708
emmentaler-20 55 -411 823 0 512
emmentaler-20 56 -411 823 -452 452
emmentaler-20 57 -492 983 0 512
emmentaler-20 58 -492 983 -512 512
emmentaler-20 59 -140 279 -256 425
emmentaler-20 60 -300 599 -161 324
emmentaler-20 61 -620 1239 -179 357
emmentaler-20 62 -76 151 -64 131
emmentaler-20 63 -77 153 -21 341
emmentaler-20 64 -77 153 -320 340
emmentaler-20 65 -204 407 0 54
emmentaler-20 66 -204 407 0 256
emmentaler-20 67 -204 407 -256 305
emmentaler-20 68 -172 343 0 355
emmentaler-20 69 -172 343 -356 356
emmentaler-20 70 -140 279 -170 339
emmentaler-20 71 -189 377 -227 453
emmentaler-20 72 -140 279 -270 539
emmentaler-20 73 -189 377 -149 357
emmentaler-20 74 -219 439 0 669
emmentaler-20 75 -253 505 0 429
emmentaler-20 76 -362 723 -192 384
emmentaler-20 77 -362 723 -192 384
emmentaler-20 78 -424 790 -12 664
emmentaler-20 79 -172 343 -181 378
emmentaler-20 80 -172 343 -198 378
emmentaler-20 81 -176 351 0 483
emmentaler-20 82 -172 347 -484 484
emmentaler-20 83 -182 363 -158 315
emmentaler-20 84 -332 663 -490 979
emmentaler-20 85 -414 827 -1287 2573
emmentaler-20 86 -356 711 -454 907
emmentaler-20 87 -356 711 -452 903
emmentaler-20 88 -16 170 -192 400
emmentaler-20 89 -155 170 -209 401
emmentaler-20 90 -111 251 -212 456
emmentaler-20 91 -141 255 -241 455
emmentaler-20 92 -13 281 -72 467
emmentaler-20 93 -84 487 0 256
emmentaler-20 94 -89 433 0 396
emmentaler-20 95 -89 433 -77 401
emmentaler-20 96 -165 329 -132 324
emmentaler-20 97 -333 665 -132 324
emmentaler-20 98 -333 665 -214 431
emmentaler-20 99 -468 935 -132 324
emmentaler-20 100 -468 935 -214 431
emmentaler-20 101 -515 982 -391 554
emmentaler-20 102 -515 982 -391 608
emmentaler-20 103 -468 982 -391 554
emmentaler-20 104 -515 982 -161 465
emmentaler-20 105 -515 982 -214 518
emmentaler-20 106 -468 982 -161 465
emmentaler-20 107 -468 935 -161 785
emmentaler-20 108 -12 424 -257 661
emmentaler-20 109 -2 594 -257 644
emmentaler-20 110 -204 567 0 530
emmentaler-20 111 -182 363 -173 453
emmentaler-20 112 -12 894 -640 1280
emmentaler-20 113 -12 726 -512 1024
emmentaler-20 114 -12 771 -832 1664
emmentaler-20 115 -12 626 -690 1379
emmentaler-20 116 -29 884 -674 1030
emmentaler-20 117 -29 716 -529 821
emmentaler-20 118 -9 846 -827 2374
emmentaler-20 119 -9 683 -640 1922
emmentaler-20 120 -9 1326 -827 2374
emmentaler-20 121 -9 1067 -640 1922
emmentaler-20 122 -9 1083 -827 2363
emmentaler-20 123 -9 870 -640 1899
emmentaler-20 124 202 449 -321 644
emmentaler-20 125 160 363 -257 516
emmentaler-20 126 203 369 -512 1076
emmentaler-20 127 160 299 -414 862
emmentaler-20 128 46 861 -913 1865
emmentaler-20 129 34 694 -759 1516
emmentaler-20 130 -12 577 -320 675
emmentaler-20 131 -12 577 -432 900
emmentaler-20 132 -12 521 0 501
emmentaler-20 133 -9 285 220 110
emmentaler-20 134 -12 113 0 93
emmentaler-20 135 -13 559 0 640
emmentaler-20 136 -17 457 0 576
emmentaler-20 137 -15 285 0 320
emmentaler-20 138 -13 1048 0 640
emmentaler-20 139 -12 620 -64 501
emmentaler-20 140 -12 620 -419 501
emmentaler-20 141 -513 1025 0 991
emmentaler-20 142 -91 181 -64 162
emmentaler-20 143 -353 705 0 671
emmentaler-20 144 -673 1345 0 1311
emmentaler-20 145 -353 705 0 960
emmentaler-20 146 -353 705 0 640
emmentaler-20 147 -306 317 0 739
emmentaler-20 148 -258 318 0 739
emmentaler-20 149 -232 463 -256 128
emmentaler-20 150 -312 623 -256 136
emmentaler-20 151 -75 782 -219 1371
emmentaler-20 152 -75 782 -1126 1371
emmentaler-20 153 -75 782 -219 464
emmentaler-20 154 -150 933 -219 464
emmentaler-20 155 -12 657 -165 357
emmentaler-20 156 -12 467 -173 344
emmentaler-20 157 -12 444 -165 357
emmentaler-20 158 -12 657 -192 384
emmentaler-20 159 -12 489 -169 339
emmentaler-20 160 -12 495 -165 357
emmentaler-20 161 -12 764 -295 518
emmentaler-20 162 -12 558 -262 467
emmentaler-20 163 -12 558 -262 467
emmentaler-20 164 -7 464 -263 467
emmentaler-20 165 -7 464 -263 467
emmentaler-20 166 -12 988 -350 699
emmentaler-20 167 -12 773 -350 699
emmentaler-20 168 -12 572 -337 677
emmentaler-20 169 -12 572 -196 387
emmentaler-20 170 -12 508 -177 372
emmentaler-20 171 -12 444 -165 357
emmentaler-20 172 -12 524 -243 485
emmentaler-20 173 -12 444 -151 290
emmentaler-20 174 -12 444 -151 290
emmentaler-20 175 -12 444 -151 290
emmentaler-20 176 -12 444 -128 290
emmentaler-20 177 -12 444 -128 290
emmentaler-20 178 -12 444 -128 290
emmentaler-20 179 -12 444 -128 290
emmentaler-20 180 -12 444 -128 290
emmentaler-20 181 -12 444 -128 290
emmentaler-20 182 -12 444 -128 290
emmentaler-20 183 -12 444 -128 278
emmentaler-20 184 -12 444 -128 278
emmentaler-20 185 -12 444 -128 278
emmentaler-20 186 -12 444 -128 290
emmentaler-20 187 -12 444 -128 290
emmentaler-20 188 -12 444 -129 257
emmentaler-20 189 -12 444 -129 257
emmentaler-20 190 -12 444 -129 257
emmentaler-20 191 -12 444 -128 290
emmentaler-20 192 -12 444 -128 290
emmentaler-20 193 -12 444 -128 290
emmentaler-20 194 -12 444 -128 290
emmentaler-20 195 -12 444 -128 290
emmentaler-20 196 -12 444 -128 290
emmentaler-20 197 -12 444 -128 290
emmentaler-20 198 -12 444 -128 290
emmentaler-20 199 -12 444 -128 290
emmentaler-20 200 -12 444 -128 290
emmentaler-20 201 -12 444 -128 290
emmentaler-20 202 -12 444 -152 292
emmentaler-20 203 -12 444 -141 292
emmentaler-20 204 -12 444 -152 292
emmentaler-20 205 -12 444 -141 292
emmentaler-20 206 -12 444 -128 291
emmentaler-20 207 -12 444 -128 291
emmentaler-20 208 -12 444 -164 292
emmentaler-20 209 -12 444 -128 291
emmentaler-20 210 -12 444 -164 292
emmentaler-20 211 -12 444 -128 291
emmentaler-20 212 -12 444 -128 291
emmentaler-20 213 -12 444 -128 291
emmentaler-20 214 -12 444 -188 375
emmentaler-20 215 -12 444 -188 375
emmentaler-20 216 -12 444 -165 357
emmentaler-20 217 -12 444 -153 303
emmentaler-20 218 -12 444 -153 303
emmentaler-20 219 -12 444 -128 291
emmentaler-20 220 -12 444 -128 256
emmentaler-20 221 -12 444 -128 256
emmentaler-20 222 -12 444 -128 291
emmentaler-20 223 -12 444 -163 291
emmentaler-20 224 -12 444 -163 291
emmentaler-20 225 -12 444 -163 291
emmentaler-20 226 -12 444 -128 290
emmentaler-20 227 -12 444 -128 290
emmentaler-20 228 -12 444 -163 291
emmentaler-20 229 -12 444 -163 291
emmentaler-20 230 -12 444 -163 291
emmentaler-20 231 -12 444 -128 290
emmentaler-20 232 -12 444 -128 290
emmentaler-20 233 -12 339 -140 277
emmentaler-20 234 -12 339 -138 277
emmentaler-20 235 -12 339 -140 277
emmentaler-20 236 -12 339 -138 277
emmentaler-20 237 -12 339 -128 291
emmentaler-20 238 -12 339 -128 291
emmentaler-20 239 -16 343 -128 290
emmentaler-20 240 -12 343 -128 290
emmentaler-20 241 -16 343 -128 290
emmentaler-20 242 -12 343 -128 290
emmentaler-20 243 -16 343 -128 290
emmentaler-20 244 -12 343 -128 290
emmentaler-20 245 -12 339 -128 290
emmentaler-20 246 -12 339 -128 290
emmentaler-20 247 -12 339 -128 290
emmentaler-20 248 -12 339 -128 290
emmentaler-20 249 -12 339 -128 290
emmentaler-20 250 -12 339 -145 290
emmentaler-20 251 -12 339 -146 290
emmentaler-20 252 -12 339 -145 290
emmentaler-20 253 -12 339 -146 290
emmentaler-20 254 -12 339 -128 290
emmentaler-20 255 -12 339 -128 290
emmentaler-20 256 -12 330 -128 256
emmentaler-20 257 -12 330 -128 256
emmentaler-20 258 -12 330 -128 290
emmentaler-20 259 -12 339 -128 290
emmentaler-20 260 -12 339 -128 290
emmentaler-20 261 -12 339 -128 291
emmentaler-20 262 -12 339 -128 292
emmentaler-20 263 -12 339 -128 292
emmentaler-20 264 -12 339 -128 292
emmentaler-20 265 -12 339 -128 292
emmentaler-20 266 -12 339 -128 292
emmentaler-20 267 -12 339 -128 292
emmentaler-20 268 -12 339 -129 257
emmentaler-20 269 -12 339 -129 257
emmentaler-20 270 -12 339 -129 257
emmentaler-20 271 -12 339 -128 290
emmentaler-20 272 -12 339 -128 290
emmentaler-20 273 -12 339 -128 256
emmentaler-20 274 -12 339 -128 256
emmentaler-20 275 -12 339 -128 256
emmentaler-20 276 -12 339 -128 291
emmentaler-20 277 -12 339 -128 291
emmentaler-20 278 -12 339 -128 290
emmentaler-20 279 -12 339 -128 290
emmentaler-20 280 -12 339 -128 290
emmentaler-20 281 -12 339 -129 290
emmentaler-20 282 -12 339 -162 290
emmentaler-20 283 -12 339 -129 290
emmentaler-20 284 -12 339 -128 290
emmentaler-20 285 -12 339 -128 290
emmentaler-20 286 -12 339 -131 259
emmentaler-20 287 -12 339 -131 259
emmentaler-20 288 -12 339 -128 291
emmentaler-20 289 -12 339 -128 290
emmentaler-20 290 -12 339 -128 290
emmentaler-20 291 -12 339 -128 290
emmentaler-20 292 -12 339 -128 290
emmentaler-20 293 -12 339 -128 290
emmentaler-20 294 -33 312 -967 967
emmentaler-20 295 -33 312 -1127 1127
emmentaler-20 296 -33 312 -1366 1366
emmentaler-20 297 -33 312 -1686 1686
emmentaler-20 298 -33 312 -2006 2006
emmentaler-20 299 -33 388 0 898
emmentaler-20 300 -33 388 0 966
emmentaler-20 301 -33 388 0 1205
emmentaler-20 302 -33 388 0 1446
emmentaler-20 303 -33 388 0 1766
emmentaler-20 304 -236 545 -723 437
emmentaler-20 305 -291 678 298 406
emmentaler-20 306 -12 407 -321 644
emmentaler-20 307 -12 151 -321 644
emmentaler-20 308 -12 151 0 323
emmentaler-20 309 -12 151 -204 204
emmentaler-20 310 -12 151 0 203
emmentaler-20 311 -12 279 0 259
emmentaler-20 312 -12 279 0 259
emmentaler-20 313 -12 279 0 355
emmentaler-20 314 -11 117 -337 996
emmentaler-20 315 -11 117 -337 676
emmentaler-20 316 -11 117 -4 356
emmentaler-20 317 -11 117 -232 235
emmentaler-20 318 -11 117 -4 235
emmentaler-20 319 -44 308 -24 281
emmentaler-20 320 -9 276 -24 284
emmentaler-20 321 -20 287 -28 352
emmentaler-20 322 -12 183 -256 515
emmentaler-20 323 -12 183 -256 515
emmentaler-20 324 -12 358 -481 740
emmentaler-20 325 -12 358 -481 740
emmentaler-20 326 -12 343 -481 964
emmentaler-20 327 -12 279 -385 772
emmentaler-20 328 -12 567 -481 964
emmentaler-20 329 -12 458 -385 772
emmentaler-20 330 -12 855 -644 1287
emmentaler-20 331 -12 689 -500 1028
emmentaler-20 332 -12 343 -432 1439
emmentaler-20 333 -12 279 -385 1320
emmentaler-20 334 -12 343 -752 1759
emmentaler-20 335 -12 279 -672 1607
emmentaler-20 336 -12 343 -1008 2015
emmentaler-20 337 -12 279 -901 1836
emmentaler-20 338 -12 343 -1008 1759
emmentaler-20 339 -12 279 -901 1607
emmentaler-20 340 -12 343 -1008 1439
emmentaler-20 341 -12 279 -901 1320
emmentaler-20 342 -12 388 -700 1399
emmentaler-20 343 -12 324 -535 1130
emmentaler-20 344 -12 388 -680 1411
emmentaler-20 345 -12 324 -535 1130
emmentaler-20 346 -12 685 -1444 2247
emmentaler-20 347 -12 553 -1140 1796
emmentaler-20 348 -12 407 -196 452
emmentaler-20 349 -12 330 -183 365
emmentaler-20 350 -38 469 -219 1435
emmentaler-20 351 -33 379 -192 1152
emmentaler-20 352 -38 469 -219 1435
emmentaler-20 353 -33 379 -192 1152
emmentaler-20 354 -22 395 -240 498
emmentaler-20 355 -20 320 -192 397
emmentaler-20 356 -22 395 -415 753
emmentaler-20 357 -20 320 -332 603
emmentaler-20 358 -22 395 -1055 1313
emmentaler-20 359 -20 320 -972 1179
emmentaler-20 360 -12 490 -731 911
emmentaler-20 361 -12 490 -731 911
emmentaler-20 362 -12 458 -177 492
emmentaler-20 363 -12 571 -177 652
emmentaler-20 364 -12 515 -177 573
emmentaler-20 365 -12 458 -313 499
emmentaler-20 366 -12 571 -473 659
emmentaler-20 367 -12 515 -394 580
emmentaler-20 368 -12 111 -177 500
emmentaler-20 369 -12 111 -177 660
emmentaler-20 370 -12 111 -177 579
emmentaler-20 371 -12 111 -321 501
emmentaler-20 372 -12 111 -481 661
emmentaler-20 373 -12 111 -400 580
emmentaler-20 374 -12 108 -109 432
emmentaler-20 375 -12 108 -109 592
emmentaler-20 376 -12 108 -109 513
emmentaler-20 377 -12 108 -321 433
emmentaler-20 378 -12 108 -481 593
emmentaler-20 379 -12 108 -400 512
emmentaler-20 380 -12 894 -117 760
emmentaler-20 381 -12 1006 -117 920
emmentaler-20 382 -12 950 -117 840
emmentaler-20 383 -12 894 -641 761
emmentaler-20 384 -12 1006 -801 921
emmentaler-20 385 -12 950 -720 840
emmentaler-20 386 -20 223 -190 516
emmentaler-20 387 -20 199 -128 430
emmentaler-20 388 -25 177 -244 490
emmentaler-20 389 -127 317 -128 285
emmentaler-20 390 -29 209 -117 713
emmentaler-20 391 -40 239 -123 730
emmentaler-20 392 -21 557 -546 1106
emmentaler-20 393 -7 307 -351 921
emmentaler-20 394 -33 237 -638 638
emmentaler-20 395 -33 204 -478 478
emmentaler-20 396 -33 236 -574 574
emmentaler-20 397 -226 237 0 637
emmentaler-20 398 -193 204 0 477
emmentaler-20 399 -226 237 0 573
emmentaler-20 400 -36 240 -965 965
emmentaler-20 401 -36 207 -776 776
emmentaler-20 402 -36 239 -901 901
emmentaler-20 403 -226 241 0 964
emmentaler-20 404 -193 208 0 775
emmentaler-20 405 -226 241 0 900
emmentaler-20 406 -36 240 -1285 1285
emmentaler-20 407 -36 207 -1096 1096
emmentaler-20 408 -36 239 -1221 1221
emmentaler-20 409 -226 241 0 1284
emmentaler-20 410 -193 208 0 1095
emmentaler-20 411 -226 241 0 1220
emmentaler-20 412 -36 240 -1605 1605
emmentaler-20 413 -36 207 -1416 1416
emmentaler-20 414 -36 239 -1541 1541
emmentaler-20 415 -226 241 0 1604
emmentaler-20 416 -193 208 0 1415
emmentaler-20 417 -226 241 0 1540
emmentaler-20 418 -12 497 -256 512
emmentaler-20 419 -12 497 -417 833
emmentaler-20 420 -12 567 -256 512
emmentaler-20 421 -12 497 -256 512
emmentaler-20 422 -12 567 -256 512
emmentaler-20 423 -12 567 -418 835
emmentaler-20 424 -12 497 -418 835
emmentaler-20 425 -12 567 -418 835
emmentaler-20 426 58 497 -256 512
emmentaler-20 427 58 497 -256 512
emmentaler-20 428 58 497 -417 833
emmentaler-20 429 -12 497 -261 521
emmentaler-20 430 -12 497 -261 521
emmentaler-20 431 -12 567 -261 521
emmentaler-20 432 -12 497 -261 521
emmentaler-20 433 -12 567 -261 521
emmentaler-20 434 -12 567 -263 525
emmentaler-20 435 -12 497 -266 548
emmentaler-20 436 -12 567 -263 525
emmentaler-20 437 58 497 -261 521
emmentaler-20 438 58 497 -261 521
emmentaler-20 439 58 497 -261 521
emmentaler-20 440 -29 57 -53 117
emmentaler-20 441 -52 103 -53 117
emmentaler-20 442 -52 103 -53 117
emmentaler-20 443 -62 123 0 64
emmentaler-20 444 -62 123 -64 64
emmentaler-20 445 -62 123 -64 128
emmentaler-20 446 -52 103 -19 83
emmentaler-20 447 -222 442 -55 766
emmentaler-20 448 -221 442 -712 793
emmentaler-20 449 -15 513 -671 1567
emmentaler-20 450 -12 119 -37 101
emmentaler-20 451 -12 311 -128 290
emmentaler-20 452 -12 881 -254 831
emmentaler-20 453 -12 881 -578 831
emmentaler-20 454 -12 689 -254 831
emmentaler-20 455 -12 689 -578 831
emmentaler-20 456 -12 663 -254 507
emmentaler-20 457 -12 881 -265 853
emmentaler-20 458 -12 881 -589 853
emmentaler-20 459 -12 689 -265 853
emmentaler-20 460 -12 689 -589 853
emmentaler-20 461 -12 663 -265 529
emmentaler-20 462 -12 343 -168 360
emmentaler-20 463 -12 343 -168 360
emmentaler-20 464 -12 343 -165 357
emmentaler-20 465 -12 439 -230 462
emmentaler-20 466 -12 439 -230 462
emmentaler-20 467 -12 673 -254 1067
emmentaler-20 468 -12 673 -813 1066
emmentaler-20 469 -12 663 -254 507
emmentaler-20 470 -12 353 -254 1067
emmentaler-20 471 -12 353 -813 1066
emmentaler-20 472 -12 343 -814 1067
emmentaler-20 473 -12 343 -254 507
emmentaler-20 474 -12 673 -265 1090
emmentaler-20 475 -12 673 -826 1090
emmentaler-20 476 -12 663 -265 529
emmentaler-20 477 -12 353 -265 1090
emmentaler-20 478 -12 353 -826 1090
emmentaler-20 479 -12 343 -826 1090
emmentaler-20 480 -12 343 -265 529
emmentaler-20 481 -12 673 -254 1067
emmentaler-20 482 -12 673 -813 1066
emmentaler-20 483 -12 663 -254 507
emmentaler-20 484 -12 353 -254 1067
emmentaler-20 485 -12 353 -813 1066
emmentaler-20 486 -12 343 -814 1067
emmentaler-20 487 -12 343 -254 507
emmentaler-20 488 -12 673 -265 1090
emmentaler-20 489 -12 673 -826 1090
emmentaler-20 490 -12 663 -265 529
emmentaler-20 491 -12 353 -265 1090
emmentaler-20 492 -12 353 -826 1090
emmentaler-20 493 -12 343 -826 1090
emmentaler-20 494 -12 343 -265 529
emmentaler-20 495 -12 673 -238 1063
emmentaler-20 496 -12 673 -799 1063
emmentaler-20 497 -12 663 -238 502
emmentaler-20 498 -12 353 -238 1063
emmentaler-20 499 -12 353 -799 1063
emmentaler-20 500 -12 343 -799 1063
emmentaler-20 501 -12 343 -238 502
emmentaler-20 502 -12 207 -132 324
emmentaler-20 503 -12 207 -132 324
emmentaler-20 504 -12 207 -132 324
emmentaler-20 505 -12 207 -132 324
emmentaler-20 506 -12 378 -246 495
emmentaler-20 507 -12 378 -246 495
emmentaler-20 508 -12 378 -246 495
emmentaler-20 509 -12 378 -246 495
emmentaler-20 510 -12 378 -246 495
emmentaler-20 511 -12 378 -246 495
emmentaler-20 512 -12 201 -91 219
emmentaler-20 513 -12 201 -118 246
emmentaler-20 514 -12 305 -110 249
emmentaler-20 515 -12 305 -137 276
emmentaler-20 516 -12 220 -128 285
emmentaler-20 517 -12 201 -129 205
emmentaler-20 518 -12 201 -138 205
emmentaler-20 519 -12 201 -77 205
emmentaler-20 520 -12 201 -77 205
emmentaler-20 521 -12 129 -75 145
emmentaler-20 522 -12 129 -94 161
emmentaler-20 523 -12 201 -120 270
emmentaler-20 524 -12 201 -142 270
emmentaler-20 525 -12 129 -71 145
emmentaler-20 526 -12 129 -132 159
emmentaler-20 527 -12 201 -142 270
emmentaler-20 528 -12 201 -404 526
emmentaler-20 529 -12 201 -128 257
emmentaler-20 530 -12 146 -64 180
emmentaler-20 531 -12 201 -128 299
emmentaler-20 532 -12 201 -172 300
emmentaler-20 533 -29 237 -164 301
emmentaler-20 534 -3 211 -128 285
emmentaler-20 535 -29 237 -168 305
emmentaler-20 536 -12 234 -113 225
emmentaler-20 537 -12 292 -192 387
emmentaler-20 538 -12 279 -132 324
emmentaler-20 539 -12 279 -132 964
emmentaler-20 540 -12 279 -772 964
emmentaler-20 541 -12 480 -132 324
emmentaler-20 542 -12 480 -481 644
emmentaler-20 543 -12 663 -128 259
emmentaler-20 544 -12 439 -466 966
emmentaler-20 545 -12 1687 -300 597
emmentaler-20 546 -12 343 -321 644
emmentaler-20 547 -12 349 -804 932
emmentaler-20 548 -12 349 -128 956
emmentaler-20 549 -13 363 -506 814
emmentaler-20 550 -13 368 -404 841
emmentaler-20 551 -14 427 -966 1102
emmentaler-20 552 -12 349 -128 1032
emmentaler-20 553 0 0 0 0
emmentaler-20 554 -12 343 124 324
emmentaler-20 555 -12 170 -192 351
emmentaler-20 556 -12 237 192 40
emmentaler-20 557 -12 170 0 150
emmentaler-20 558 -12 493 0 640
emmentaler-20 559 -15 433 0 646
emmentaler-20 560 -12 493 0 640
emmentaler-20 561 -12 449 0 640
emmentaler-20 562 -15 538 0 641
emmentaler-20 563 -12 470 0 640
emmentaler-20 564 -12 458 0 640
emmentaler-20 565 -12 484 -8 648
emmentaler-20 566 -12 499 0 640
emmentaler-20 567 -12 458 0 640
emmentaler-20 568 -143 714 -243 883
emmentaler-20 569 -67 659 -17 401
emmentaler-20 570 -182 650 -192 512
emmentaler-20 571 -53 431 0 384
emmentaler-20 572 16 304 0 320
emmentaler-20 573 -12 389 -46 366
